INST,NUM_MEETING,NUM_MTYPE,SCHE_DENSITY,MEETING_DURATION,NUM_SLOT_PER_ROOM,TOTAL_SLOT,MIN_TEMP_DIFF,AVG_TEMP_DIFF,MAX_TEMP_DIFF,NUM_LRLC,NUM_LRHC,NUM_HRLC,NUM_HRHC,NUM_BRBC
Input/eams_meeting_m20_07_011000_9.cfg,20,19,4.28571428571,3,241,4820,1.0,0.142857142857,14.0,4,4,4,4,4
Input/eams_meeting_m20_07_707000_2.cfg,20,9,10.7142857143,3,241,4820,1.0,0.178571428571,5.0,4,4,4,4,4
Input/eams_meeting_m20_07_838000_1.cfg,20,14,10.7142857143,3,241,4820,1.0,0.357142857143,12.0,4,4,4,4,4
Input/eams_meeting_m20_07_849000_9.cfg,20,10,10.7142857143,3,241,4820,1.0,0.428571428571,12.0,4,4,4,4,4
Input/eams_meeting_m20_07_716000_7.cfg,20,19,4.28571428571,3,241,4820,1.0,0.142857142857,14.0,4,4,4,4,4
Input/eams_meeting_m20_07_886000_4.cfg,20,15,7.89473684211,3,241,4820,1.0,0.263157894737,14.0,4,4,4,4,4
Input/eams_meeting_m50_07_738000_5.cfg,50,48,10.7142857143,3,241,4820,1.0,0.142857142857,14.0,4,4,4,4,4
Input/eams_meeting_m50_07_738000_9.cfg,50,37,10.7142857143,3,241,4820,1.0,0.142857142857,14.0,4,4,4,4,4
Input/eams_meeting_m50_07_669000_6.cfg,50,39,10.7142857143,3,241,4820,1.0,0.142857142857,14.0,4,4,4,4,4
Input/eams_meeting_m50_07_807000_2.cfg,50,38,15.625,3,241,4820,1.0,0.208333333333,14.0,4,4,4,4,4
Input/eams_meeting_m50_07_807000_8_m.cfg,50,20,15.625,3,241,4820,1.0,0.208333333333,14.0,4,4,4,4,4
Input/eams_meeting_m50_07_514000_1_m.cfg,50,26,13.3928571429,3,241,4820,1.0,0.178571428571,12.0,4,4,4,4,4
Input/eams_meeting_m50_07_944000_7_m.cfg,50,15,13.3928571429,3,241,4820,1.0,0.178571428571,12.0,4,4,4,4,4
Input/eams_meeting_m100_27_249000_0.cfg,100,68,35.7142857143,3,241,4820,1.0,0.238095238095,12.0,4,4,4,4,4
Input/eams_meeting_m100_27_249000_2.cfg,100,82,35.7142857143,3,241,4820,1.0,0.238095238095,12.0,4,4,4,4,4
Input/eams_meeting_m100_27_254000_6.cfg,100,79,27.7777777778,3,241,4820,1.0,0.185185185185,14.0,4,4,4,4,4
Input/eams_meeting_m100_27_254000_7.cfg,100,84,27.7777777778,3,241,4820,1.0,0.185185185185,14.0,4,4,4,4,4
Input/eams_meeting_m100_27_125000_2.cfg,100,92,50.0,3,241,4820,1.0,0.4,12.0,4,4,4,4,4
Input/eams_meeting_m100_27_125000_7.cfg,100,76,50.0,3,241,4820,1.0,0.4,12.0,4,4,4,4,4
Input/eams_meeting_m100_27_642000_2.cfg,100,93,16.9491525424,2,241,4820,1.0,0.169491525424,12.0,4,4,4,4,4
Input/eams_meeting_m100_27_642000_8.cfg,100,86,16.9491525424,2,241,4820,1.0,0.169491525424,12.0,4,4,4,4,4
Input/eams_meeting_m100_27_053000_5.cfg,100,75,33.3333333333,2,241,4820,1.0,0.333333333333,12.0,4,4,4,4,4
Input/eams_meeting_m100_27_053000_6.cfg,100,63,33.3333333333,2,241,4820,1.0,0.333333333333,12.0,4,4,4,4,4
Input/eams_meeting_m200_27_301000_5.cfg,200,188,42.8571428571,3,241,4820,1.0,0.142857142857,14.0,4,4,4,4,4
Input/eams_meeting_m200_27_301000_6.cfg,200,178,42.8571428571,3,241,4820,1.0,0.142857142857,14.0,4,4,4,4,4
Input/eams_meeting_m200_27_387000_0.cfg,200,183,54.0540540541,2,241,4820,1.0,0.243243243243,9.0,4,4,4,4,4
Input/eams_meeting_m200_27_387000_8.cfg,200,167,54.0540540541,2,241,4820,1.0,0.243243243243,9.0,4,4,4,4,4
Input/eams_meeting_m200_27_434000_0.cfg,200,181,39.2156862745,2,241,4820,1.0,0.196078431373,14.0,4,4,4,4,4
Input/eams_meeting_m200_27_434000_2.cfg,200,171,39.2156862745,2,241,4820,1.0,0.196078431373,14.0,4,4,4,4,4
