INST,NUM_MEETING,NUM_MTYPE,SCHE_DENSITY,MEETING_DURATION,NUM_SLOT_PER_ROOM,TOTAL_SLOT,MIN_TEMP_DIFF,AVG_TEMP_DIFF,MAX_TEMP_DIFF,NUM_LRLC,NUM_LRHC,NUM_HRLC,NUM_HRHC,NUM_BRBC
Input/eams_meeting_m20_07_011000_9.cfg,20,19,4.28571428571,3,241,4820,1.0,6.82857142857,14.0,4,4,4,4,4
Input/eams_meeting_m20_07_707000_2.cfg,20,9,10.7142857143,3,241,4820,1.0,2.21428571429,5.0,4,4,4,4,4
Input/eams_meeting_m20_07_838000_1.cfg,20,14,10.7142857143,3,241,4820,1.0,6.57142857143,12.0,4,4,4,4,4
Input/eams_meeting_m20_07_849000_9.cfg,20,10,10.7142857143,3,241,4820,1.0,4.75,12.0,4,4,4,4,4
Input/eams_meeting_m20_07_716000_7.cfg,20,19,4.28571428571,3,241,4820,1.0,6.82857142857,14.0,4,4,4,4,4
Input/eams_meeting_m20_07_886000_4.cfg,20,15,7.89473684211,3,241,4820,1.0,8.26315789474,14.0,4,4,4,4,4
Input/eams_meeting_m50_07_738000_5.cfg,50,48,10.7142857143,3,241,4820,1.0,6.82857142857,14.0,4,4,4,4,4
Input/eams_meeting_m50_07_738000_9.cfg,50,37,10.7142857143,3,241,4820,1.0,6.82857142857,14.0,4,4,4,4,4
Input/eams_meeting_m50_07_807000_2.cfg,50,38,15.625,3,241,4820,1.0,7.3125,14.0,4,4,4,4,4
Input/eams_meeting_m50_07_807000_8_m.cfg,50,20,15.625,3,241,4820,1.0,7.3125,14.0,4,4,4,4,4
Input/eams_meeting_m50_07_514000_1_m.cfg,50,26,13.3928571429,3,241,4820,1.0,5.66071428571,12.0,4,4,4,4,4
Input/eams_meeting_m50_07_944000_7_m.cfg,50,15,13.3928571429,3,241,4820,1.0,5.66071428571,12.0,4,4,4,4,4
Input/eams_meeting_m100_27_249000_0.cfg,100,69,35.7142857143,3,241,4820,1.0,4.95238095238,12.0,4,4,4,4,4
Input/eams_meeting_m100_27_254000_6.cfg,100,79,27.7777777778,3,241,4820,1.0,6.51851851852,14.0,4,4,4,4,4
Input/eams_meeting_m100_27_125000_7.cfg,100,76,50.0,3,241,4820,1.0,5.46666666667,12.0,4,4,4,4,4
Input/eams_meeting_m100_27_642000_2.cfg,100,93,16.9491525424,2,241,4820,1.0,6.94915254237,12.0,4,4,4,4,4
Input/eams_meeting_m100_27_642000_8.cfg,100,86,16.9491525424,2,241,4820,1.0,6.94915254237,12.0,4,4,4,4,4
Input/eams_meeting_m100_27_053000_6.cfg,100,63,33.3333333333,2,241,4820,1.0,9.23333333333,12.0,4,4,4,4,4
Input/eams_meeting_m200_27_301000_5.cfg,200,143,42.8571428571,3,241,4820,1.0,6.82857142857,14.0,4,4,4,4,4
Input/eams_meeting_m200_27_301000_6.cfg,200,178,42.8571428571,3,241,4820,1.0,6.82857142857,14.0,4,4,4,4,4
Input/eams_meeting_m200_28_580000_3.cfg,200,166,39.2156862745,2,241,4820,1.0,4.78431372549,12.0,4,4,4,4,4
Input/eams_meeting_m200_27_434000_2.cfg,200,171,39.2156862745,2,241,4820,1.0,7.90196078431,14.0,4,4,4,4,4
Input/eams_meeting_m200_29_523000_7.cfg,200,155,46.511627907,2,241,4820,1.0,5.46511627907,12.0,4,4,4,4,4
Input/eams_meeting_m200_29_052000_9.cfg,200,175,35.0877192982,2,241,4820,1.0,6.94736842105,14.0,4,4,4,4,4
Input/eams_meeting_m50_07_738000_5_50R.cfg,50,48,4.28571428571,3,241,12050,1.0,6.82857142857,14.0,13,8,8,13,8
Input/eams_meeting_m50_07_738000_9_50R.cfg,50,37,4.28571428571,3,241,12050,1.0,6.82857142857,14.0,13,8,8,13,8
Input/eams_meeting_m50_07_807000_2_50R.cfg,50,38,6.25,3,241,12050,1.0,7.3125,14.0,13,8,8,13,8
Input/eams_meeting_m50_07_807000_8_m_50R.cfg,50,20,6.25,3,241,12050,1.0,7.3125,14.0,13,8,8,13,8
Input/eams_meeting_m50_07_514000_1_m_50R.cfg,50,26,5.35714285714,3,241,12050,1.0,5.66071428571,12.0,13,8,8,13,8
Input/eams_meeting_m50_07_944000_7_m_50R.cfg,50,15,5.35714285714,3,241,12050,1.0,5.66071428571,12.0,13,8,8,13,8
Input/eams_meeting_m100_27_249000_0_50R.cfg,100,69,14.2857142857,3,241,12050,1.0,4.95238095238,12.0,13,8,8,13,8
Input/eams_meeting_m100_27_254000_6_50R.cfg,100,79,11.1111111111,3,241,12050,1.0,6.51851851852,14.0,13,8,8,13,8
Input/eams_meeting_m100_27_125000_7_50R.cfg,100,76,20.0,3,241,12050,1.0,5.46666666667,12.0,13,8,8,13,8
Input/eams_meeting_m100_27_642000_2_50R.cfg,100,93,6.77966101695,2,241,12050,1.0,6.94915254237,12.0,13,8,8,13,8
Input/eams_meeting_m100_27_642000_8_50R.cfg,100,86,6.77966101695,2,241,12050,1.0,6.94915254237,12.0,13,8,8,13,8
Input/eams_meeting_m100_27_053000_6_50R.cfg,100,63,13.3333333333,2,241,12050,1.0,9.23333333333,12.0,13,8,8,13,8
Input/eams_meeting_m200_27_301000_5_50R.cfg,200,143,17.1428571429,3,241,12050,1.0,6.82857142857,14.0,13,8,8,13,8
Input/eams_meeting_m200_27_301000_6_50R.cfg,200,178,17.1428571429,3,241,12050,1.0,6.82857142857,14.0,13,8,8,13,8
Input/eams_meeting_m200_28_580000_3_50R.cfg,200,166,15.6862745098,2,241,12050,1.0,4.78431372549,12.0,13,8,8,13,8
Input/eams_meeting_m200_27_434000_2_50R.cfg,200,171,15.6862745098,2,241,12050,1.0,7.90196078431,14.0,13,8,8,13,8
Input/eams_meeting_m200_29_523000_7_50R.cfg,200,155,18.6046511628,2,241,12050,1.0,5.46511627907,12.0,13,8,8,13,8
Input/eams_meeting_m200_29_052000_9_50R.cfg,200,175,14.0350877193,2,241,12050,1.0,6.94736842105,14.0,13,8,8,13,8
Input/eams_meeting_m500_29_352000_6_50R.cfg,500,485,26.6666666667,2,241,12050,1.0,6.89333333333,14.0,13,8,8,13,8
Input/eams_meeting_m500_29_427000_8_50R.cfg,500,448,42.8571428571,3,241,12050,1.0,6.82857142857,14.0,13,8,8,13,8
Input/eams_meeting_m500_29_699000_3_50R.cfg,500,489,42.8571428571,3,241,12050,1.0,6.82857142857,14.0,13,8,8,13,8
Input/eams_meeting_m500_30_050000_1_50R.cfg,500,410,51.2820512821,2,241,12050,1.0,3.20512820513,11.0,13,8,8,13,8
Input/eams_meeting_m500_30_643000_1_50R.cfg,500,403,26.6666666667,2,241,12050,1.0,6.89333333333,14.0,13,8,8,13,8
Input/eams_meeting_m500_30_053000_3_50R.cfg,500,391,44.4444444444,2,241,12050,1.0,5.0,12.0,13,8,8,13,8
